521av网站,色情网站,情色网站,大香蕉网站,大香蕉综合伊人网,超碰在线 521av 大香蕉 伊人

大香蕉网av伊人在线_大香蕉综合伊人网,Av在线影院 大香蕉 伊人

伊人成人综合网_伊人成人网_伊人综合_成人综合网 伊人

大香蕉_大香蕉视频_大香蕉在线视频_大香蕉在线影院_超碰在线久久大香蕉_大香蕉尹人超碰97在线 大香蕉

超碰97,超碰在线视频,人人碰免费视频,超碰综合网 超碰

大香蕉 伊人 青青草 狠狠撸 青娱乐 怡红院 久久热

字词频统计_语料库在线(www.cncorpus.org) 2020/1/7 20:09:42

序号 字词 出现次数 出现频率 1 ] 588 5.0589 2 的 464 3.9921 3 [ 452 3.8888 4 乱 422 3.6307 5 仑 386 3.321 6 ， 145 1.2475 7 [ 141 1.2131 8 了 135 1.1615 9 在 112 0.9636 10 和 106 0.912 11 妈妈 104 0.8948 12 儿子 102 0.8776 13 操 87 0.7485 14 分钟 84 0.7227 15 . 82 0.7055 16 被 79 0.6797 17 我 77 0.6625 18 - 64 0.5506 19 高清 61 0.5248 20 妹妹 60 0.5162 21 无 60 0.5162 22 大 53 0.456 23 女儿 51 0.4388 24 之 44 0.3786 25 2018 43 0.37 26 字幕 43 0.37 27 中文 42 0.3614 28 自己 42 0.3614 29 哥哥 41 0.3527 30 小 40 0.3441 31 姐姐 39 0.3355 32 她 38 0.3269 33 2 36 0.3097 34 上 36 0.3097 35 爸爸 35 0.3011 36 射 35 0.3011 37 与 35 0.3011 38 给 34 0.2925 39 让 34 0.2925 40 父亲 33 0.2839 41 干 33 0.2839 42 岁 33 0.2839 43 啪啪 32 0.2753 44 不 31 0.2667 45 弟弟 31 0.2667 46 集 31 0.2667 47 美 31 0.2667 48 老公 29 0.2495 49 里 29 0.2495 50 码 29 0.2495 51 VIP 28 0.2409 52 把 28 0.2409 53 爱 27 0.2323 54 艹 27 0.2323 55 女 27 0.2323 56 骚 27 0.2323 57 在家 27 0.2323 58 我 26 0.2237 59 版 26 0.2237 60 家里 26 0.2237 61 做爱 26 0.2237 62 第 25 0.2151 63 公公 25 0.2151 64 就 25 0.2151 65 老婆 25 0.2151 66 人 25 0.2151 67 小姨子 25 0.2151 68 插 24 0.2065 69 勾引 24 0.2065 70 很 24 0.2065 71 轮 24 0.2065 72 玩 24 0.2065 73 趁 23 0.1979 74 国产 23 0.1979 75 后 23 0.1979 76 来 23 0.1979 77 一 23 0.1979 78 , 22 0.1893 79 逼 22 0.1893 80 内 22 0.1893 81 嫂子 22 0.1893 82 一起 22 0.1893 83 他 21 0.1807 84 要 21 0.1807 85 回家 20 0.1721 86 抡 20 0.1721 87 马 20 0.1721 88 搞 19 0.1635 89 个 19 0.1635 90 还 19 0.1635 91 三 19 0.1635 92 性 19 0.1635 93 1 18 0.1549 94 jian 18 0.1549 95 到 18 0.1549 96 你 18 0.1549 97 通 18 0.1549 98 着 18 0.1549 99 爆 17 0.1463 100 交 17 0.1463 101 姐弟 17 0.1463 102 李宗瑞 17 0.1463 103 母子 17 0.1463 104 朋友 17 0.1463 105 片 17 0.1463 106 想 17 0.1463 107 帮 16 0.1377 108 剧情 16 0.1377 109 乳 16 0.1377 110 时长 16 0.1377 111 太 16 0.1377 112 用 16 0.1377 113 厨房 15 0.1291 114 屌 15 0.1291 115 对白 15 0.1291 116 房间 15 0.1291 117 好 15 0.1291 118 鸡巴 15 0.1291 119 家族 15 0.1291 120 漂亮 15 0.1291 121 完整 15 0.1291 122 性感 15 0.1291 123 诱惑 15 0.1291 124 _ 14 0.1205 125 3 14 0.1205 126 b 14 0.1205 127 母亲 14 0.1205 128 年轻 14 0.1205 129 女人 14 0.1205 130 少妇 14 0.1205 131 淫荡 14 0.1205 132 有 14 0.1205 133 中 14 0.1205 134 姿势 14 0.1205 135 新 13 0.1118 136 儿媳妇 13 0.1118 137 发现 13 0.1118 138 家 13 0.1118 139 口 13 0.1118 140 16 12 0.1032 141 刺激 12 0.1032 142 都 12 0.1032 143 二 12 0.1032 144 刚 12 0.1032 145 回来 12 0.1032 146 继母 12 0.1032 147 近亲 12 0.1032 148 里面 12 0.1032 149 秘密 12 0.1032 150 妻子 12 0.1032 151 强 12 0.1032 152 亲 12 0.1032 153 禽兽 12 0.1032 154 情人 12 0.1032 155 色 12 0.1032 156 一个 12 0.1032 157 淫 12 0.1032 158 香港 11 0.0946 159 2016 11 0.0946 160 国语 11 0.0946 161 级 11 0.0946 162 姐夫 11 0.0946 163 迷 11 0.0946 164 蜜 11 0.0946 165 女朋友 11 0.0946 166 妻 11 0.0946 167 叔叔 11 0.0946 168 我们 11 0.0946 169 媳妇 11 0.0946 170 字 11 0.0946 171 》 10 0.086 172 多 10 0.086 173 跟 10 0.086 174 闺 10 0.086 175 激情 10 0.086 176 金瓶梅 10 0.086 177 禁 10 0.086 178 美女 10 0.086 179 明星 10 0.086 180 男人 10 0.086 181 炮 10 0.086 182 去 10 0.086 183 台湾 10 0.086 184 下面 10 0.086 185 兄妹 10 0.086 186 穴 10 0.086 187 侄女 10 0.086 188 2017 9 0.0774 189 B 9 0.0774 190 变态 9 0.0774 191 吃 9 0.0774 192 床上 9 0.0774 193 二线 9 0.0774 194 各种 9 0.0774 195 奸 9 0.0774 196 剪 9 0.0774 197 叫 9 0.0774 198 酒店 9 0.0774 199 巨 9 0.0774 200 满足 9 0.0774 201 沙发 9 0.0774 202 少女 9 0.0774 203 爽 9 0.0774 204 挺 9 0.0774 205 喜欢 9 0.0774 206 下班 9 0.0774 207 性爱 9 0.0774 208 爷爷 9 0.0774 209 只能 9 0.0774 210 《 8 0.0688 211 乱 8 0.0688 212 28 8 0.0688 213 棒 8 0.0688 214 草 8 0.0688 215 超 8 0.0688 216 圌 8 0.0688 217 代 8 0.0688 218 当着 8 0.0688 219 父女 8 0.0688 220 富 8 0.0688 221 姑姑 8 0.0688 222 合集 8 0.0688 223 教 8 0.0688 224 姐妹 8 0.0688 225 精彩 8 0.0688 226 居然 8 0.0688 227 客厅 8 0.0688 228 乱伦 8 0.0688 229 没有 8 0.0688 230 女友 8 0.0688 231 拍摄 8 0.0688 232 身材 8 0.0688 233 是 8 0.0688 234 双 8 0.0688 235 死 8 0.0688 236 套 8 0.0688 237 舔 8 0.0688 238 调教 8 0.0688 239 偷偷 8 0.0688 240 洗澡 8 0.0688 241 系列 8 0.0688 242 长篇 8 0.0688 243 直接 8 0.0688 244 自拍 8 0.0688 245 ！ 7 0.0602 246 ~ 7 0.0602 247 19 7 0.0602 248 26 7 0.0602 249 58 7 0.0602 250 of 7 0.0602 251 P 7 0.0602 252 The 7 0.0602 253 不断 7 0.0602 254 穿着 7 0.0602 255 儿媳 7 0.0602 256 放学 7 0.0602 257 韩 7 0.0602 258 黑丝 7 0.0602 259 极品 7 0.0602 260 家庭 7 0.0602 261 就是 7 0.0602 262 莉 7 0.0602 263 没想到 7 0.0602 264 男 7 0.0602 265 起来 7 0.0602 266 日 7 0.0602 267 时 7 0.0602 268 天使 7 0.0602 269 偷情 7 0.0602 270 下 7 0.0602 271 性欲 7 0.0602 272 艳 7 0.0602 273 也 7 0.0602 274 一边 7 0.0602 275 淫乱 7 0.0602 276 约 7 0.0602 277 找 7 0.0602 278 妻子 6 0.0516 279 20 6 0.0516 280 2015 6 0.0516 281 21 6 0.0516 282 32 6 0.0516 283 kou 6 0.0516 284 边 6 0.0516 285 表弟 6 0.0516 286 表姐 6 0.0516 287 不要 6 0.0516 288 吃饭 6 0.0516 289 抽 6 0.0516 290 处 6 0.0516 291 地 6 0.0516 292 电影 6 0.0516 293 飞 6 0.0516 294 关系 6 0.0516 295 花 6 0.0516 296 活 6 0.0516 297 结婚 6 0.0516 298 看 6 0.0516 299 浪 6 0.0516 300 两 6 0.0516 301 萝 6 0.0516 302 猛 6 0.0516 303 面 6 0.0516 304 奶 6 0.0516 305 奶子 6 0.0516 306 女婿 6 0.0516 307 配合 6 0.0516 308 破 6 0.0516 309 情 6 0.0516 310 日子 6 0.0516 311 入 6 0.0516 312 睡 6 0.0516 313 突然 6 0.0516 314 晚上 6 0.0516 315 位 6 0.0516 316 先 6 0.0516 317 语 6 0.0516 318 丈母娘 6 0.0516 319 真实 6 0.0516 320 终于 6 0.0516 321 做客 6 0.0516 322 爱 5 0.043 323 金瓶梅 5 0.043 324 善良 5 0.043 325 偷 5 0.043 326 ： 5 0.043 327 14 5 0.043 328 17 5 0.043 329 1996 5 0.043 330 60 5 0.043 331 7 5 0.043 332 8 5 0.043 333 啊 5 0.043 334 吧 5 0.043 335 白 5 0.043 336 半夜 5 0.043 337 潮 5 0.043 338 成年 5 0.043 339 成熟 5 0.043 340 出 5 0.043 341 错过 5 0.043 342 大战 5 0.043 343 戴绿帽 5 0.043 344 第一 5 0.043 345 对 5 0.043 346 父子 5 0.043 347 刚刚 5 0.043 348 高潮 5 0.043 349 故事 5 0.043 350 鸡 5 0.043 351 继父 5 0.043 352 经典 5 0.043 353 竟然 5 0.043 354 快感 5 0.043 355 捆绑 5 0.043 356 凌辱 5 0.043 357 露脸 5 0.043 358 没 5 0.043 359 妹 5 0.043 360 内衣 5 0.043 361 奴 5 0.043 362 女孩 5 0.043 363 啪 5 0.043 364 气质 5 0.043 365 情趣 5 0.043 366 然后 5 0.043 367 式 5 0.043 368 受不了 5 0.043 369 舒服 5 0.043 370 水 5 0.043 371 睡觉 5 0.043 372 睡着 5 0.043 373 孙女 5 0.043 374 未成年 5 0.043 375 限制级 5 0.043 376 相 5 0.043 377 用力 5 0.043 378 欲望 5 0.043 379 这个 5 0.043 380 真 5 0.043 381 做 5 0.043 382 — 4 0.0344 383 风月 4 0.0344 384 蜜桃 4 0.0344 385 女 4 0.0344 386 情 4 0.0344 387 色 4 0.0344 388 夏娃 4 0.0344 389 性 4 0.0344 390 一个 4 0.0344 391 淫乱 4 0.0344 392 “ 4 0.0344 393 2014 4 0.0344 394 24 4 0.0344 395 36 4 0.0344 396 43 4 0.0344 397 A 4 0.0344 398 EP 4 0.0344 399 II 4 0.0344 400 Jin 4 0.0344 401 lun 4 0.0344 402 Mei 4 0.0344 403 Ping 4 0.0344 404 Sex 4 0.0344 405 Xin 4 0.0344 406 阿姨 4 0.0344 407 爸 4 0.0344 408 包 4 0.0344 409 宝鉴 4 0.0344 410 伯父 4 0.0344 411 插入 4 0.0344 412 成功 4 0.0344 413 冲动 4 0.0344 414 出差 4 0.0344 415 穿 4 0.0344 416 传 4 0.0344 417 次 4 0.0344 418 打 4 0.0344 419 大学 4 0.0344 420 单亲 4 0.0344 421 地方 4 0.0344 422 電 4 0.0344 423 动 4 0.0344 424 顿 4 0.0344 425 多种 4 0.0344 426 反正 4 0.0344 427 放假 4 0.0344 428 风韵 4 0.0344 429 夫人 4 0.0344 430 肤 4 0.0344 431 干儿子 4 0.0344 432 高 4 0.0344 433 高跟 4 0.0344 434 姑丈 4 0.0344 435 国外 4 0.0344 436 过来 4 0.0344 437 好多 4 0.0344 438 喉咙 4 0.0344 439 护士 4 0.0344 440 换 4 0.0344 441 饥渴 4 0.0344 442 寄居 4 0.0344 443 佳作 4 0.0344 444 将 4 0.0344 445 交换 4 0.0344 446 结果 4 0.0344 447 姐 4 0.0344 448 尽情 4 0.0344 449 居家 4 0.0344 450 开 4 0.0344 451 狂 4 0.0344 452 老头 4 0.0344 453 恋 4 0.0344 454 良家 4 0.0344 455 妈 4 0.0344 456 媽 4 0.0344 457 貌似 4 0.0344 458 眯 4 0.0344 459 面前 4 0.0344 460 那么 4 0.0344 461 奶奶 4 0.0344 462 男朋友 4 0.0344 463 内裤 4 0.0344 464 虐待 4 0.0344 465 欧美 4 0.0344 466 拍 4 0.0344 467 强迫 4 0.0344 468 抢 4 0.0344 469 悄悄 4 0.0344 470 清晰 4 0.0344 471 群 4 0.0344 472 日本 4 0.0344 473 色情 4 0.0344 474 身体 4 0.0344 475 生 4 0.0344 476 生日 4 0.0344 477 时候 4 0.0344 478 收拾 4 0.0344 479 熟 4 0.0344 480 四 4 0.0344 481 孙子 4 0.0344 482 套内 4 0.0344 483 天桥 4 0.0344 484 同居 4 0.0344 485 偷 4 0.0344 486 臀 4 0.0344 487 脱 4 0.0344 488 外地 4 0.0344 489 完 4 0.0344 490 委屈 4 0.0344 491 舞蹈 4 0.0344 492 希 4 0.0344 493 媳 4 0.0344 494 下来 4 0.0344 495 小叔子 4 0.0344 496 胸 4 0.0344 497 宿舍 4 0.0344 498 秀 4 0.0344 499 夜 4 0.0344 500 一块 4 0.0344 501 一旁 4 0.0344 502 衣服 4 0.0344 503 英雄 4 0.0344 504 影 4 0.0344 505 犹存 4 0.0344 506 诱 4 0.0344 507 圆 4 0.0344 508 丈夫 4 0.0344 509 这样 4 0.0344 510 芝 4 0.0344 511 主 4 0.0344 512 住 4 0.0344 513 自 4 0.0344 514 总 4 0.0344 515 最后 4 0.0344 516 做饭 4 0.0344 517 赤裸 3 0.0258 518 绯闻 3 0.0258 519 聊斋 3 0.0258 520 美味 3 0.0258 521 年轻 3 0.0258 522 女人 3 0.0258 523 朋友 3 0.0258 524 三 3 0.0258 525 色欲 3 0.0258 526 桃色 3 0.0258 527 性爱 3 0.0258 528 鸭 3 0.0258 529 叶玉卿 3 0.0258 530 欲 3 0.0258 531 援 3 0.0258 532 早熟 3 0.0258 533 中国 3 0.0258 534 。 3 0.0258 535 ” 3 0.0258 536 000 3 0.0258 537 01 3 0.0258 538 02 3 0.0258 539 13 3 0.0258 540 15 3 0.0258 541 18 3 0.0258 542 1993 3 0.0258 543 1999 3 0.0258 544 46 3 0.0258 545 in 3 0.0258 546 nen 3 0.0258 547 OL 3 0.0258 548 rou 3 0.0258 549 S 3 0.0258 550 the 3 0.0258 551 Woman 3 0.0258 552 爱上 3 0.0258 553 案 3 0.0258 554 白虎 3 0.0258 555 白嫩 3 0.0258 556 保姆 3 0.0258 557 表叔 3 0.0258 558 波 3 0.0258 559 不敢 3 0.0258 560 不好 3 0.0258 561 不良 3 0.0258 562 不容 3 0.0258 563 不停 3 0.0258 564 才 3 0.0258 565 藏 3 0.0258 566 车震 3 0.0258 567 趁着 3 0.0258 568 处女 3 0.0258 569 穿上 3 0.0258 570 吹 3 0.0258 571 打炮 3 0.0258 572 大乱 3 0.0258 573 大片 3 0.0258 574 倒 3 0.0258 575 底 3 0.0258 576 第一次 3 0.0258 577 点 3 0.0258 578 吊 3 0.0258 579 洞 3 0.0258 580 粉嫩 3 0.0258 581 福 3 0.0258 582 妇 3 0.0258 583 干完 3 0.0258 584 狗仔 3 0.0258 585 灌醉 3 0.0258 586 规则 3 0.0258 587 国 3 0.0258 588 过去 3 0.0258 589 海 3 0.0258 590 户外 3 0.0258 591 怀孕 3 0.0258 592 机会 3 0.0258 593 級 3 0.0258 594 几 3 0.0258 595 家中 3 0.0258 596 监禁 3 0.0258 597 降 3 0.0258 598 娇妻 3 0.0258 599 借口 3 0.0258 600 經 3 0.0258 601 精 3 0.0258 602 精品 3 0.0258 603 菊花 3 0.0258 604 俱乐部 3 0.0258 605 绝对 3 0.0258 606 开放 3 0.0258 607 看到 3 0.0258 608 看见 3 0.0258 609 看上 3 0.0258 610 可爱 3 0.0258 611 客人 3 0.0258 612 辣 3 0.0258 613 老爸 3 0.0258 614 丽人 3 0.0258 615 满 3 0.0258 616 妹子 3 0.0258 617 魔 3 0.0258 618 男女 3 0.0258 619 男友 3 0.0258 620 喷 3 0.0258 621 起 3 0.0258 622 强行 3 0.0258 623 亲生 3 0.0258 624 情侣 3 0.0258 625 圈 3 0.0258 626 全 3 0.0258 627 忍不住 3 0.0258 628 肉体 3 0.0258 629 如此 3 0.0258 630 骚货 3 0.0258 631 蛇 3 0.0258 632 射中 3 0.0258 633 神 3 0.0258 634 生病 3 0.0258 635 生活 3 0.0258 636 失禁 3 0.0258 637 实在 3 0.0258 638 事 3 0.0258 639 双语 3 0.0258 640 说 3 0.0258 641 谭之 3 0.0258 642 特 3 0.0258 643 天生 3 0.0258 644 填满 3 0.0258 645 调戏 3 0.0258 646 同学 3 0.0258 647 偷看 3 0.0258 648 推荐 3 0.0258 649 腿 3 0.0258 650 王 3 0.0258 651 为 3 0.0258 652 唯 3 0.0258 653 无法 3 0.0258 654 五 3 0.0258 655 午休 3 0.0258 656 洗 3 0.0258 657 戏 3 0.0258 658 陷阱 3 0.0258 659 享受 3 0.0258 660 小鸡 3 0.0258 661 小姨 3 0.0258 662 新 3 0.0258 663 醒 3 0.0258 664 性生活 3 0.0258 665 羞涩 3 0.0258 666 血 3 0.0258 667 也要 3 0.0258 668 夜里 3 0.0258 669 一本道 3 0.0258 670 硬 3 0.0258 671 游戏 3 0.0258 672 又 3 0.0258 673 娱乐 3 0.0258 674 語 3 0.0258 675 玉 3 0.0258 676 浴室 3 0.0258 677 欲 3 0.0258 678 御 3 0.0258 679 慾 3 0.0258 680 月 3 0.0258 681 粤 3 0.0258 682 粤语 3 0.0258 683 张 3 0.0258 684 正在 3 0.0258 685 止痒 3 0.0258 686 制服 3 0.0258 687 中午 3 0.0258 688 主动 3 0.0258 689 最新 3 0.0258 690 坐 3 0.0258 691 ｛ 2 0.0172 692 96 2 0.0172 693 Maria 2 0.0172 694 SP 2 0.0172 695 八仙 2 0.0172 696 大陆 2 0.0172 697 灯草 2 0.0172 698 各种 2 0.0172 699 公公 2 0.0172 700 韩国 2 0.0172 701 好 2 0.0172 702 和 2 0.0172 703 红楼 2 0.0172 704 姐姐 2 0.0172 705 老婆 2 0.0172 706 凌辱 2 0.0172 707 妈妈 2 0.0172 708 满清 2 0.0172 709 秘密 2 0.0172 710 魔鬼 2 0.0172 711 女生 2 0.0172 712 女演员 2 0.0172 713 女友 2 0.0172 714 强奸 2 0.0172 715 切 2 0.0172 716 情事 2 0.0172 717 人 2 0.0172 718 肉体 2 0.0172 719 少女 2 0.0172 720 她 2 0.0172 721 天使 2 0.0172 722 贴身 2 0.0172 723 晚娘 2 0.0172 724 性感 2 0.0172 725 血 2 0.0172 726 淫荡 2 0.0172 727 引 2 0.0172 728 樱花 2 0.0172 729 云 2 0.0172 730 ! 2 0.0172 731 、 2 0.0172 732 ？ 2 0.0172 733 ｝ 2 0.0172 734 000200 2 0.0172 735 03 2 0.0172 736 05 2 0.0172 737 1974 2 0.0172 738 1992 2 0.0172 739 1994 2 0.0172 740 2012 2 0.0172 741 22 2 0.0172 742 25 2 0.0172 743 27 2 0.0172 744 29 2 0.0172 745 30 2 0.0172 746 31 2 0.0172 747 34 2 0.0172 748 37 2 0.0172 749 40 2 0.0172 750 48 2 0.0172 751 50 2 0.0172 752 51 2 0.0172 753 53 2 0.0172 754 54 2 0.0172 755 59 2 0.0172 756 6 2 0.0172 757 61 2 0.0172 758 70 2 0.0172 759 720 2 0.0172 760 90 2 0.0172 761 Angels 2 0.0172 762 Cartoon 2 0.0172 763 CD 2 0.0172 764 de 2 0.0172 765 Ecstatic 2 0.0172 766 Eyes 2 0.0172 767 Her 2 0.0172 768 III 2 0.0172 769 J 2 0.0172 770 JB 2 0.0172 771 Man 2 0.0172 772 SM 2 0.0172 773 爱抚 2 0.0172 774 碍于 2 0.0172 775 安慰 2 0.0172 776 按 2 0.0172 777 按摩 2 0.0172 778 白酒 2 0.0172 779 白领 2 0.0172 780 白热 2 0.0172 781 白皙 2 0.0172 782 办 2 0.0172 783 保佑 2 0.0172 784 抱 2 0.0172 785 暴露 2 0.0172 786 爆发 2 0.0172 787 必须 2 0.0172 788 避孕药 2 0.0172 789 鞭打 2 0.0172 790 便宜 2 0.0172 791 表姐夫 2 0.0172 792 表妹 2 0.0172 793 表情 2 0.0172 794 别 2 0.0172 795 并 2 0.0172 796 播 2 0.0172 797 伯 2 0.0172 798 勃 2 0.0172 799 补偿 2 0.0172 800 不会 2 0.0172 801 不能 2 0.0172 802 不住 2 0.0172 803 財 2 0.0172 804 肏 2 0.0172 805 厕所 2 0.0172 806 叉烧 2 0.0172 807 差一点 2 0.0172 808 场景 2 0.0172 809 车 2 0.0172 810 趁机 2 0.0172 811 成人 2 0.0172 812 成性 2 0.0172 813 城市 2 0.0172 814 乘 2 0.0172 815 惩罚 2 0.0172 816 吃醋 2 0.0172 817 丑闻 2 0.0172 818 出来 2 0.0172 819 出门 2 0.0172 820 出去 2 0.0172 821 出租 2 0.0172 822 初中 2 0.0172 823 傳 2 0.0172 824 窗 2 0.0172 825 床 2 0.0172 826 垂涎 2 0.0172 827 春 2 0.0172 828 春心 2 0.0172 829 从小 2 0.0172 830 粗 2 0.0172 831 催 2 0.0172 832 答应 2 0.0172 833 打电话 2 0.0172 834 打毛衣 2 0.0172 835 打仗 2 0.0172 836 大伯 2 0.0172 837 大哥 2 0.0172 838 大汗淋漓 2 0.0172 839 大姐 2 0.0172 840 大陆 2 0.0172 841 大女儿 2 0.0172 842 大人 2 0.0172 843 大学生 2 0.0172 844 带 2 0.0172 845 带上 2 0.0172 846 戴 2 0.0172 847 单身 2 0.0172 848 檔 2 0.0172 849 荡 2 0.0172 850 荡漾 2 0.0172 851 到家 2 0.0172 852 到了 2 0.0172 853 得 2 0.0172 854 地上 2 0.0172 855 地下室 2 0.0172 856 递进 2 0.0172 857 第三 2 0.0172 858 蒂 2 0.0172 859 电话 2 0.0172 860 吊带 2 0.0172 861 东北 2 0.0172 862 冬天 2 0.0172 863 懂 2 0.0172 864 动作 2 0.0172 865 毒 2 0.0172 866 读书 2 0.0172 867 端 2 0.0172 868 多年 2 0.0172 869 而 2 0.0172 870 兒 2 0.0172 871 二哥 2 0.0172 872 发 2 0.0172 873 发生关系 2 0.0172 874 发音 2 0.0172 875 发育 2 0.0172 876 烦恼 2 0.0172 877 饭店 2 0.0172 878 泛滥 2 0.0172 879 放过 2 0.0172 880 放纵 2 0.0172 881 肥 2 0.0172 882 肥臀 2 0.0172 883 分手 2 0.0172 884 粉 2 0.0172 885 粉红 2 0.0172 886 风暴 2 0.0172 887 风骚 2 0.0172 888 夫 2 0.0172 889 夫妇 2 0.0172 890 父母 2 0.0172 891 复仇 2 0.0172 892 副本 2 0.0172 893 婦 2 0.0172 894 覆盖 2 0.0172 895 肝 2 0.0172 896 感觉 2 0.0172 897 感情 2 0.0172 898 干脆 2 0.0172 899 干妈 2 0.0172 900 干女儿 2 0.0172 901 高富帅 2 0.0172 902 高跟鞋 2 0.0172 903 高颜 2 0.0172 904 高中生 2 0.0172 905 搞到 2 0.0172 906 格 2 0.0172 907 更 2 0.0172 908 公 2 0.0172 909 狗 2 0.0172 910 估计 2 0.0172 911 故意 2 0.0172 912 光头 2 0.0172 913 國 2 0.0172 914 过 2 0.0172 915 还要 2 0.0172 916 还有 2 0.0172 917 害怕 2 0.0172 918 豪放 2 0.0172 919 好了 2 0.0172 920 好色 2 0.0172 921 好像 2 0.0172 922 喝 2 0.0172 923 合租 2 0.0172 924 和亲 2 0.0172 925 和尚 2 0.0172 926 河南 2 0.0172 927 黑 2 0.0172 928 很久 2 0.0172 929 横生 2 0.0172 930 幻想 2 0.0172 931 换上 2 0.0172 932 谎言 2 0.0172 933 回过头 2 0.0172 934 会所 2 0.0172 935 婚 2 0.0172 936 浑身 2 0.0172 937 火暴 2 0.0172 938 火辣 2 0.0172 939 火力 2 0.0172 940 获取 2 0.0172 941 肌肤 2 0.0172 942 积累 2 0.0172 943 激烈 2 0.0172 944 记 2 0.0172 945 妓 2 0.0172 946 继续 2 0.0172 947 加入 2 0.0172 948 家人 2 0.0172 949 姦 2 0.0172 950 件 2 0.0172 951 江苏 2 0.0172 952 浆 2 0.0172 953 漿 2 0.0172 954 娇 2 0.0172 955 叫来 2 0.0172 956 教授 2 0.0172 957 教育 2 0.0172 958 接 2 0.0172 959 接班人 2 0.0172 960 节日 2 0.0172 961 劫 2 0.0172 962 结构 2 0.0172 963 解决 2 0.0172 964 介绍 2 0.0172 965 进来 2 0.0172 966 进去 2 0.0172 967 禁忌 2 0.0172 968 精液 2 0.0172 969 绝版 2 0.0172 970 掘 2 0.0172 971 开车 2 0.0172 972 开房 2 0.0172 973 看望 2 0.0172 974 可怕 2 0.0172 975 可是 2 0.0172 976 渴望 2 0.0172 977 口音 2 0.0172 978 扣 2 0.0172 979 哭 2 0.0172 980 裤 2 0.0172 981 快 2 0.0172 982 拉 2 0.0172 983 来回 2 0.0172 984 郎 2 0.0172 985 浪荡 2 0.0172 986 老 2 0.0172 987 老板娘 2 0.0172 988 老当益壮 2 0.0172 989 老爹 2 0.0172 990 老公公 2 0.0172 991 老妈 2 0.0172 992 老师 2 0.0172 993 老爷 2 0.0172 994 老爷爷 2 0.0172 995 老友 2 0.0172 996 礼物 2 0.0172 997 裏 2 0.0172 998 脸 2 0.0172 999 练习 2 0.0172 1000 靓 2 0.0172 1001 聊斋 2 0.0172 1002 猎杀 2 0.0172 1003 另 2 0.0172 1004 留洋 2 0.0172 1005 流水 2 0.0172 1006 龙 2 0.0172 1007 楼道 2 0.0172 1008 樓 2 0.0172 1009 撸 2 0.0172 1010 乱搞 2 0.0172 1011 伦 2 0.0172 1012 轮流 2 0.0172 1013 旅 2 0.0172 1014 綠 2 0.0172 1015 妈咪 2 0.0172 1016 买 2 0.0172 1017 買 2 0.0172 1018 漫 2 0.0172 1019 毛 2 0.0172 1020 毛小 2 0.0172 1021 茂密 2 0.0172 1022 帽 2 0.0172 1023 每天 2 0.0172 1024 美国 2 0.0172 1025 美色 2 0.0172 1026 魅惑 2 0.0172 1027 闷 2 0.0172 1028 懵懂 2 0.0172 1029 蜜桃 2 0.0172 1030 名模 2 0.0172 1031 摸 2 0.0172 1032 摩擦 2 0.0172 1033 母女 2 0.0172 1034 那些 2 0.0172 1035 难度 2 0.0172 1036 內 2 0.0172 1037 年 2 0.0172 1038 年迈 2 0.0172 1039 尿 2 0.0172 1040 尿尿 2 0.0172 1041 扭动 2 0.0172 1042 弄 2 0.0172 1043 女的 2 0.0172 1044 女郎 2 0.0172 1045 女士 2 0.0172 1046 女子 2 0.0172 1047 呕吐 2 0.0172 1048 怕 2 0.0172 1049 排解 2 0.0172 1050 潘金莲 2 0.0172 1051 旁边 2 0.0172 1052 跑进 2 0.0172 1053 炮战 2 0.0172 1054 配 2 0.0172 1055 喷射 2 0.0172 1056 皮 2 0.0172 1057 啤酒 2 0.0172 1058 屁股 2 0.0172 1059 骗 2 0.0172 1060 平安 2 0.0172 1061 颇 2 0.0172 1062 婆婆 2 0.0172 1063 扑 2 0.0172 1064 七 2 0.0172 1065 期间 2 0.0172 1066 其 2 0.0172 1067 奇案 2 0.0172 1068 骑 2 0.0172 1069 器 2 0.0172 1070 前 2 0.0172 1071 前线 2 0.0172 1072 潜 2 0.0172 1073 强烈 2 0.0172 1074 侵犯 2 0.0172 1075 亲自 2 0.0172 1076 青春期 2 0.0172 1077 清纯 2 0.0172 1078 情不自禁 2 0.0172 1079 情事 2 0.0172 1080 囚禁 2 0.0172 1081 曲江 2 0.0172 1082 热 2 0.0172 1083 人肉 2 0.0172 1084 认识 2 0.0172 1085 日记 2 0.0172 1086 禸 2 0.0172 1087 揉 2 0.0172 1088 如家 2 0.0172 1089 乳房 2 0.0172 1090 乳头 2 0.0172 1091 入室 2 0.0172 1092 塞 2 0.0172 1093 塞满 2 0.0172 1094 散步 2 0.0172 1095 嫂嫂 2 0.0172 1096 色魔 2 0.0172 1097 衫 2 0.0172 1098 上铺 2 0.0172 1099 上去 2 0.0172 1100 上学 2 0.0172 1101 射进 2 0.0172 1102 射精 2 0.0172 1103 攝 2 0.0172 1104 深 2 0.0172 1105 什么 2 0.0172 1106 尸 2 0.0172 1107 失 2 0.0172 1108 失恋 2 0.0172 1109 湿润 2 0.0172 1110 十 2 0.0172 1111 十五 2 0.0172 1112 時 2 0.0172 1113 史 2 0.0172 1114 使劲 2 0.0172 1115 事情 2 0.0172 1116 是不是 2 0.0172 1117 释放 2 0.0172 1118 收藏 2 0.0172 1119 书生 2 0.0172 1120 淑女 2 0.0172 1121 舒 2 0.0172 1122 熟睡 2 0.0172 1123 双胞胎 2 0.0172 1124 双腿 2 0.0172 1125 水箱 2 0.0172 1126 丝袜 2 0.0172 1127 絲 2 0.0172 1128 随便 2 0.0172 1129 随后 2 0.0172 1130 随时随地 2 0.0172 1131 他们俩 2 0.0172 1132 谭 2 0.0172 1133 探员 2 0.0172 1134 糖 2 0.0172 1135 特定 2 0.0172 1136 梯 2 0.0172 1137 挑 2 0.0172 1138 挑逗 2 0.0172 1139 听话 2 0.0172 1140 同 2 0.0172 1141 痛 2 0.0172 1142 偷拍 2 0.0172 1143 吞 2 0.0172 1144 外 2 0.0172 1145 外翻 2 0.0172 1146 完了 2 0.0172 1147 完事 2 0.0172 1148 玩具 2 0.0172 1149 玩弄 2 0.0172 1150 往 2 0.0172 1151 旺盛 2 0.0172 1152 为了 2 0.0172 1153 伟哥 2 0.0172 1154 猥琐 2 0.0172 1155 卫生 2 0.0172 1156 未 2 0.0172 1157 喂 2 0.0172 1158 文质彬彬 2 0.0172 1159 屋 2 0.0172 1160 无情 2 0.0172 1161 无罪 2 0.0172 1162 午夜 2 0.0172 1163 洗手间 2 0.0172 1164 係 2 0.0172 1165 下铺 2 0.0172 1166 下手 2 0.0172 1167 仙子 2 0.0172 1168 鲜 2 0.0172 1169 相片 2 0.0172 1170 香 2 0.0172 1171 销售 2 0.0172 1172 小伙 2 0.0172 1173 小女儿 2 0.0172 1174 小女孩 2 0.0172 1175 小叔 2 0.0172 1176 小子 2 0.0172 1177 孝敬 2 0.0172 1178 笑 2 0.0172 1179 心 2 0.0172 1180 辛劳 2 0.0172 1181 新高 2 0.0172 1182 新婚 2 0.0172 1183 新娘 2 0.0172 1184 新作 2 0.0172 1185 型 2 0.0172 1186 兴奋 2 0.0172 1187 性交 2 0.0172 1188 兄弟 2 0.0172 1189 兄长 2 0.0172 1190 修整 2 0.0172 1191 需要 2 0.0172 1192 穴里 2 0.0172 1193 学历 2 0.0172 1194 学校 2 0.0172 1195 寻找 2 0.0172 1196 压力 2 0.0172 1197 呀 2 0.0172 1198 研究 2 0.0172 1199 眼 2 0.0172 1200 演员 2 0.0172 1201 阳台 2 0.0172 1202 养 2 0.0172 1203 养父 2 0.0172 1204 妖 2 0.0172 1205 邀 2 0.0172 1206 咬牙 2 0.0172 1207 要求 2 0.0172 1208 野战 2 0.0172 1209 一对 2 0.0172 1210 一家人 2 0.0172 1211 一天 2 0.0172 1212 一样 2 0.0172 1213 一直 2 0.0172 1214 衣 2 0.0172 1215 医 2 0.0172 1216 以后 2 0.0172 1217 以及 2 0.0172 1218 以为 2 0.0172 1219 阴道 2 0.0172 1220 阴毛 2 0.0172 1221 银 2 0.0172 1222 银行 2 0.0172 1223 英 2 0.0172 1224 优 2 0.0172 1225 友 2 0.0172 1226 诱人 2 0.0172 1227 于 2 0.0172 1228 于是 2 0.0172 1229 羽 2 0.0172 1230 语文 2 0.0172 1231 欲火 2 0.0172 1232 原创 2 0.0172 1233 粵 2 0.0172 1234 再 2 0.0172 1235 早餐 2 0.0172 1236 早就 2 0.0172 1237 早熟 2 0.0172 1238 怎么 2 0.0172 1239 战 2 0.0172 1240 站 2 0.0172 1241 张开 2 0.0172 1242 长 2 0.0172 1243 长大 2 0.0172 1244 这 2 0.0172 1245 这下 2 0.0172 1246 整个 2 0.0172 1247 整洁 2 0.0172 1248 正点 2 0.0172 1249 知识 2 0.0172 1250 值 2 0.0172 1251 殖 2 0.0172 1252 重大 2 0.0172 1253 周末 2 0.0172 1254 主人 2 0.0172 1255 著 2 0.0172 1256 装 2 0.0172 1257 赘肉 2 0.0172 1258 姿色 2 0.0172 1259 子 2 0.0172 1260 足足 2 0.0172 1261 嘴 2 0.0172 1262 最 2 0.0172 1263 最好 2 0.0172 1264 정사 2 0.0172 1265

  1		0.0086
1266 2014 1 0.0086 1267 4 1 0.0086 1268 Atashira 1 0.0086 1269 Beautiful 1 0.0086 1270 d 1 0.0086 1271 DAMASARETA 1 0.0086 1272 DEXIPUKISU 1 0.0086 1273 DISTORTED 1 0.0086 1274 Hentai 1 0.0086 1275 Irresisonable 1 0.0086 1276 IYARASIIJITUWA 1 0.0086 1277 KINBAKU 1 0.0086 1278 My 1 0.0086 1279 se 1 0.0086 1280 Speed 1 0.0086 1281 Vlees 1 0.0086 1282 W 1 0.0086 1283 ブラジル 1 0.0086 1284 艾曼 1 0.0086 1285 爱情 1 0.0086 1286 办公室 1 0.0086 1287 伴 1 0.0086 1288 保险 1 0.0086 1289 被 1 0.0086 1290 表妹 1 0.0086 1291 不是 1 0.0086 1292 不忠 1 0.0086 1293 超级 1 0.0086 1294 彻夜 1 0.0086 1295 处女 1 0.0086 1296 大 1 0.0086 1297 大话 1 0.0086 1298 弟弟 1 0.0086 1299 第一 1 0.0086 1300 电话 1 0.0086 1301 貂 1 0.0086 1302 东方 1 0.0086 1303 斗 1 0.0086 1304 恶 1 0.0086 1305 风流 1 0.0086 1306 风中 1 0.0086 1307 钢琴师 1 0.0086 1308 高档 1 0.0086 1309 哥哥 1 0.0086 1310 隔壁 1 0.0086 1311 宫廷 1 0.0086 1312 寡 1 0.0086 1313 乖 1 0.0086 1314 闺 1 0.0086 1315 国产 1 0.0086 1316 国家 1 0.0086 1317 豪情 1 0.0086 1318 红灯区 1 0.0086 1319 花 1 0.0086 1320 花街 1 0.0086 1321 华尔兹 1 0.0086 1322 化学反应 1 0.0086 1323 话梅 1 0.0086 1324 黄昏 1 0.0086 1325 黄色 1 0.0086 1326 婚外情 1 0.0086 1327 寄宿 1 0.0086 1328 家庭主妇 1 0.0086 1329 監 1 0.0086 1330 交换 1 0.0086 1331 交易 1 0.0086 1332 结婚 1 0.0086 1333 結 1 0.0086 1334 姐夫 1 0.0086 1335 金 1 0.0086 1336 金钱 1 0.0086 1337 禁止 1 0.0086 1338 驚 1 0.0086 1339 巨 1 0.0086 1340 俱乐部 1 0.0086 1341 绝种 1 0.0086 1342 咖啡店 1 0.0086 1343 康熙 1 0.0086 1344 可爱 1 0.0086 1345 苦涩 1 0.0086 1346 快乐 1 0.0086 1347 捆绑 1 0.0086 1348 连体 1 0.0086 1349 烈性 1 0.0086 1350 猎杀 1 0.0086 1351 邻家 1 0.0086 1352 灵 1 0.0086 1353 流星 1 0.0086 1354 轮回 1 0.0086 1355 裸 1 0.0086 1356 马里 1 0.0086 1357 卖春 1 0.0086 1358 美好 1 0.0086 1359 美丽 1 0.0086 1360 妹妹 1 0.0086 1361 猛 1 0.0086 1362 迷 1 0.0086 1363 迷人 1 0.0086 1364 密 1 0.0086 1365 面具 1 0.0086 1366 摩登 1 0.0086 1367 母子 1 0.0086 1368 哪 1 0.0086 1369 娜塔 1 0.0086 1370 囡囡 1 0.0086 1371 男 1 0.0086 1372 男儿 1 0.0086 1373 男人 1 0.0086 1374 南洋 1 0.0086 1375 内情 1 0.0086 1376 霓虹 1 0.0086 1377 拈花惹草 1 0.0086 1378 女儿 1 0.0086 1379 女孩 1 0.0086 1380 女教师 1 0.0086 1381 女朋友 1 0.0086 1382 女童 1 0.0086 1383 漂亮 1 0.0086 1384 漂流 1 0.0086 1385 苹果 1 0.0086 1386 迫切 1 0.0086 1387 扑通 1 0.0086 1388 七 1 0.0086 1389 欺骗 1 0.0086 1390 奇怪 1 0.0086 1391 奇异 1 0.0086 1392 青春 1 0.0086 1393 青楼 1 0.0086 1394 去 1 0.0086 1395 全 1 0.0086 1396 群 1 0.0086 1397 热 1 0.0086 1398 弱 1 0.0086 1399 色鬼 1 0.0086 1400 山 1 0.0086 1401 善意 1 0.0086 1402 少妇 1 0.0086 1403 蛇 1 0.0086 1404 神 1 0.0086 1405 盛夏 1 0.0086 1406 十 1 0.0086 1407 水 1 0.0086 1408 水浒传 1 0.0086 1409 私 1 0.0086 1410 死亡 1 0.0086 1411 素 1 0.0086 1412 他们 1 0.0086 1413 太太 1 0.0086 1414 泰国 1 0.0086 1415 贪婪 1 0.0086 1416 堂姐 1 0.0086 1417 堂兄弟 1 0.0086 1418 天 1 0.0086 1419 田园 1 0.0086 1420 甜蜜 1 0.0086 1421 调教 1 0.0086 1422 通奸 1 0.0086 1423 同岁 1 0.0086 1424 痛 1 0.0086 1425 偷情 1 0.0086 1426 団 1 0.0086 1427 屯 1 0.0086 1428 完美 1 0.0086 1429 完全 1 0.0086 1430 危 1 0.0086 1431 危险 1 0.0086 1432 猥琐 1 0.0086 1433 味道 1 0.0086 1434 武松 1 0.0086 1435 舞 1 0.0086 1436 西厢 1 0.0086 1437 霞 1 0.0086 1438 下 1 0.0086 1439 先 1 0.0086 1440 现代 1 0.0086 1441 陷阱 1 0.0086 1442 想 1 0.0086 1443 小 1 0.0086 1444 小女儿 1 0.0086 1445 小摊 1 0.0086 1446 小姨子 1 0.0086 1447 欣喜若狂 1 0.0086 1448 新建 1 0.0086 1449 星星 1 0.0086 1450 腥 1 0.0086 1451 兄弟 1 0.0086 1452 修女 1 0.0086 1453 血珠 1 0.0086 1454 尋 1 0.0086 1455 驯服 1 0.0086 1456 鴨 1 0.0086 1457 艳 1 0.0086 1458 杨乃武 1 0.0086 1459 叶子 1 0.0086 1460 一 1 0.0086 1461 医生 1 0.0086 1462 銀 1 0.0086 1463 隐秘 1 0.0086 1464 影子 1 0.0086 1465 油 1 0.0086 1466 游泳 1 0.0086 1467 有伤风化 1 0.0086 1468 诱惑 1 0.0086 1469 誘 1 0.0086 1470 於 1 0.0086 1471 怨 1 0.0086 1472 真性 1 0.0086 1473 制服 1 0.0086 1474 中港 1 0.0086 1475 终极 1 0.0086 1476 钟丽 1 0.0086 1477 重案 1 0.0086 1478 竹 1 0.0086 1479 自由 1 0.0086 1480 足本 1 0.0086 1481 醉酒 1 0.0086 1482 左 1 0.0086 1483 사촌 1 0.0086 1484 자유부인 1 0.0086 1485 000150 1 0.0086 1486 011551 1 0.0086 1487 013210 1 0.0086 1488 022454 1 0.0086 1489 10 1 0.0086 1490 12 1 0.0086 1491 123 1 0.0086 1492 1280 1 0.0086 1493 176 1 0.0086 1494 1976 1 0.0086 1495 1980 1 0.0086 1496 1991 1 0.0086 1497 1995 1 0.0086 1498 ② 1 0.0086 1499 ２ 1 0.0086 1500 2004 1 0.0086 1501 2007 1 0.0086 1502 2011 1 0.0086 1503 2013 1 0.0086 1504 2019 1 0.0086 1505 23 1 0.0086 1506 ３ 1 0.0086 1507 317 1 0.0086 1508 4 1 0.0086 1509 47 1 0.0086 1510 5 1 0.0086 1511 57 1 0.0086 1512 666 1 0.0086 1513 69 1 0.0086 1514 976 1 0.0086 1515 a 1 0.0086 1516 Ability 1 0.0086 1517 Addiction 1 0.0086 1518 Affair 1 0.0086 1519 Agent 1 0.0086 1520 All 1 0.0086 1521 And 1 0.0086 1522 and 1 0.0086 1523 Angel 1 0.0086 1524 Anger 1 0.0086 1525 APHRODITA 1 0.0086 1526 Art 1 0.0086 1527 Audition 1 0.0086 1528 AV 1 0.0086 1529 bb 1 0.0086 1530 Beas 1 0.0086 1531 Beauty 1 0.0086 1532 big 1 0.0086 1533 Bikini 1 0.0086 1534 Blood 1 0.0086 1535 BluRay 1 0.0086 1536 Bnen 1 0.0086 1537 Body 1 0.0086 1538 Bound 1 0.0086 1539 Captivity 1 0.0086 1540 Car 1 0.0086 1541 Carne 1 0.0086 1542 Chick 1 0.0086 1543 china 1 0.0086 1544 CHS 1 0.0086 1545 CLINIC 1 0.0086 1546 clip 1 0.0086 1547 Crazy 1 0.0086 1548 D 1 0.0086 1549 Dangerous 1 0.0086 1550 Death 1 0.0086 1551 Delicious 1 0.0086 1552 Devil 1 0.0086 1553 Dracula 1 0.0086 1554 ELLIE 1 0.0086 1555 Emmanuelle 1 0.0086 1556 End 1 0.0086 1557 Erotic 1 0.0086 1558 Evidence 1 0.0086 1559 Fast 1 0.0086 1560 Female 1 0.0086 1561 Find 1 0.0086 1562 folder 1 0.0086 1563 for 1 0.0086 1564 Forbidden 1 0.0086 1565 girl 1 0.0086 1566 Girl 1 0.0086 1567 GirlHouse 1 0.0086 1568 Haorenshuo 1 0.0086 1569 Happy 1 0.0086 1570 he 1 0.0086 1571 Heels 1 0.0086 1572 High 1 0.0086 1573 Hipster 1 0.0086 1574 HITOZUMA 1 0.0086 1575 Horrible 1 0.0086 1576 Hunting 1 0.0086 1577 infieles 1 0.0086 1578 Japanese 1 0.0086 1579 Junction 1 0.0086 1580 k 1 0.0086 1581 Kanaete 1 0.0086 1582 Killing 1 0.0086 1583 l 1 0.0086 1584 Lane 1 0.0086 1585 Legend 1 0.0086 1586 Les 1 0.0086 1587 List 1 0.0086 1588 Little 1 0.0086 1589 Lone 1 0.0086 1590 Loveing 1 0.0086 1591 Lover 1 0.0086 1592 lunli 1 0.0086 1593 Machine 1 0.0086 1594 Madam 1 0.0086 1595 Madame 1 0.0086 1596 Malibu 1 0.0086 1597 Marital 1 0.0086 1598 Mazona 1 0.0086 1599 mix 1 0.0086 1600 Moon 1 0.0086 1601 mujeres 1 0.0086 1602 neón 1 0.0086 1603 New 1 0.0086 1604 Nude 1 0.0086 1605 NWB 1 0.0086 1606 or 1 0.0086 1607 oriental 1 0.0086 1608 p 1 0.0086 1609 Pain 1 0.0086 1610 partner 1 0.0086 1611 pearl 1 0.0086 1612 Perfect 1 0.0086 1613 Play 1 0.0086 1614 Pleasure 1 0.0086 1615 police 1 0.0086 1616 Psycho 1 0.0086 1617 Rigodon 1 0.0086 1618 Rio 1 0.0086 1619 rip 1 0.0086 1620 Rip 1 0.0086 1621 Role 1 0.0086 1622 s 1 0.0086 1623 Salon 1 0.0086 1624 Samsara 1 0.0086 1625 Satomi 1 0.0086 1626 Secret 1 0.0086 1627 Star 1 0.0086 1628 Stealing 1 0.0086 1629 Story 1 0.0086 1630 Sudden 1 0.0086 1631 Taxi 1 0.0086 1632 Thirteen 1 0.0086 1633 to 1 0.0086 1634 Tutor 1 0.0086 1635 Two 1 0.0086 1636 valseuses 1 0.0086 1637 Wash 1 0.0086 1638 Watashi 1 0.0086 1639 WebRip 1 0.0086 1640 Wet 1 0.0086 1641 Wind 1 0.0086 1642 ヴェロニカの 1 0.0086 1643 ゲバゲバ 1 0.0086 1644 と 1 0.0086 1645 なる 1 0.0086 1646 の 1 0.0086 1647 阿 1 0.0086 1648 愛 1 0.0086 1649 奥 1 0.0086 1650 巴西 1 0.0086 1651 扒 1 0.0086 1652 芭 1 0.0086 1653 霸 1 0.0086 1654 白蛇 1 0.0086 1655 办法 1 0.0086 1656 办公室 1 0.0086 1657 伴 1 0.0086 1658 包厢 1 0.0086 1659 宝刀 1 0.0086 1660 宝盒 1 0.0086 1661 鲍 1 0.0086 1662 暴力 1 0.0086 1663 北京 1 0.0086 1664 本 1 0.0086 1665 逼真 1 0.0086 1666 比 1 0.0086 1667 毕竟 1 0.0086 1668 标题 1 0.0086 1669 表哥 1 0.0086 1670 表演 1 0.0086 1671 病 1 0.0086 1672 不得了 1 0.0086 1673 不够 1 0.0086 1674 不久 1 0.0086 1675 不惜 1 0.0086 1676 不想 1 0.0086 1677 布 1 0.0086 1678 部 1 0.0086 1679 部分 1 0.0086 1680 采访 1 0.0086 1681 餐 1 0.0086 1682 残梦 1 0.0086 1683 藏屍国 1 0.0086 1684 草帽 1 0.0086 1685 缠身 1 0.0086 1686 颤 1 0.0086 1687 場 1 0.0086 1688 超级 1 0.0086 1689 超清国 1 0.0086 1690 车行 1 0.0086 1691 沉迷 1 0.0086 1692 成人高校 1 0.0086 1693 痴迷 1 0.0086 1694 持枪 1 0.0086 1695 出轨 1 0.0086 1696 初 1 0.0086 1697 初恋 1 0.0086 1698 処 1 0.0086 1699 传奇 1 0.0086 1700 床边 1 0.0086 1701 春色 1 0.0086 1702 春上 1 0.0086 1703 唇 1 0.0086 1704 戳 1 0.0086 1705 慈禧 1 0.0086 1706 粗大 1 0.0086 1707 村 1 0.0086 1708 搭档 1 0.0086 1709 大发 1 0.0086 1710 大观 1 0.0086 1711 大款 1 0.0086 1712 大叔 1 0.0086 1713 带劲 1 0.0086 1714 诞生 1 0.0086 1715 当天 1 0.0086 1716 当晚 1 0.0086 1717 挡 1 0.0086 1718 党 1 0.0086 1719 党性 1 0.0086 1720 擋 1 0.0086 1721 刀 1 0.0086 1722 得逞 1 0.0086 1723 的话 1 0.0086 1724 等 1 0.0086 1725 帝国 1 0.0086 1726 第二 1 0.0086 1727 第一性 1 0.0086 1728 遞 1 0.0086 1729 點 1 0.0086 1730 玷污 1 0.0086 1731 董小宛 1 0.0086 1732 独 1 0.0086 1733 怼 1 0.0086 1734 隊 1 0.0086 1735 多情 1 0.0086 1736 夺 1 0.0086 1737 堕落 1 0.0086 1738 俄罗斯 1 0.0086 1739 二姐 1 0.0086 1740 发情 1 0.0086 1741 反抗 1 0.0086 1742 犯罪 1 0.0086 1743 房 1 0.0086 1744 房里 1 0.0086 1745 飞机 1 0.0086 1746 非常 1 0.0086 1747 绯闻 1 0.0086 1748 分 1 0.0086 1749 分之 1 0.0086 1750 丰 1 0.0086 1751 丰满 1 0.0086 1752 风流 1 0.0086 1753 风月 1 0.0086 1754 風 1 0.0086 1755 疯 1 0.0086 1756 疯狂 1 0.0086 1757 夫妻 1 0.0086 1758 服务 1 0.0086 1759 縛 1 0.0086 1760 改编 1 0.0086 1761 赶紧 1 0.0086 1762 感恩节 1 0.0086 1763 刚好 1 0.0086 1764 肛门 1 0.0086 1765 高清超 1 0.0086 1766 告白 1 0.0086 1767 隔壁 1 0.0086 1768 個 1 0.0086 1769 根 1 0.0086 1770 工 1 0.0086 1771 工具 1 0.0086 1772 公共 1 0.0086 1773 公寓 1 0.0086 1774 公园 1 0.0086 1775 攻 1 0.0086 1776 宮 1 0.0086 1777 共同 1 0.0086 1778 勾搭 1 0.0086 1779 勾魂 1 0.0086 1780 孤儿 1 0.0086 1781 古装 1 0.0086 1782 雇 1 0.0086 1783 寡妇 1 0.0086 1784 乖乖 1 0.0086 1785 怪 1 0.0086 1786 观 1 0.0086 1787 官人 1 0.0086 1788 灌 1 0.0086 1789 光鲜 1 0.0086 1790 规矩 1 0.0086 1791 闺房 1 0.0086 1792 鬼 1 0.0086 1793 鬼子 1 0.0086 1794 国内 1 0.0086 1795 过头 1 0.0086 1796 过夜 1 0.0086 1797 过瘾 1 0.0086 1798 还是 1 0.0086 1799 海边 1 0.0086 1800 韩国 1 0.0086 1801 豪华 1 0.0086 1802 豪情 1 0.0086 1803 好好 1 0.0086 1804 好朋友 1 0.0086 1805 喝醉 1 0.0086 1806 和服 1 0.0086 1807 核心 1 0.0086 1808 嗨 1 0.0086 1809 狠 1 0.0086 1810 红灯区 1 0.0086 1811 红粉 1 0.0086 1812 紅 1 0.0086 1813 后妈 1 0.0086 1814 蝴蝶 1 0.0086 1815 滸 1 0.0086 1816 户 1 0.0086 1817 花絮 1 0.0086 1818 花样 1 0.0086 1819 画展 1 0.0086 1820 怀疑 1 0.0086 1821 坏事 1 0.0086 1822 黄 1 0.0086 1823 回到 1 0.0086 1824 回忆录 1 0.0086 1825 悔恨 1 0.0086 1826 会 1 0.0086 1827 浑圆 1 0.0086 1828 魂 1 0.0086 1829 豁出去 1 0.0086 1830 活泼 1 0.0086 1831 火 1 0.0086 1832 货 1 0.0086 1833 汲 1 0.0086 1834 级别 1 0.0086 1835 极致 1 0.0086 1836 几个 1 0.0086 1837 记录 1 0.0086 1838 技巧 1 0.0086 1839 既 1 0.0086 1840 继 1 0.0086 1841 继女 1 0.0086 1842 祭品 1 0.0086 1843 寄生 1 0.0086 1844 寄宿 1 0.0086 1845 加长 1 0.0086 1846 假 1 0.0086 1847 假期 1 0.0086 1848 价钱 1 0.0086 1849 奸夫 1 0.0086 1850 坚硬 1 0.0086 1851 剪辑 1 0.0086 1852 簡 1 0.0086 1853 贱 1 0.0086 1854 剑 1 0.0086 1855 剑侠 1 0.0086 1856 健身 1 0.0086 1857 健身房 1 0.0086 1858 娇嫩 1 0.0086 1859 脚下 1 0.0086 1860 教师 1 0.0086 1861 节 1 0.0086 1862 节目 1 0.0086 1863 結 1 0.0086 1864 戒 1 0.0086 1865 金发 1 0.0086 1866 近 1 0.0086 1867 近距离 1 0.0086 1868 劲 1 0.0086 1869 禁宫 1 0.0086 1870 禁区 1 0.0086 1871 经 1 0.0086 1872 经纪 1 0.0086 1873 经验 1 0.0086 1874 惊 1 0.0086 1875 惊变 1 0.0086 1876 惊讶 1 0.0086 1877 精灵 1 0.0086 1878 精选 1 0.0086 1879 精致 1 0.0086 1880 精子 1 0.0086 1881 누나와 1 0.0086 1882 警察 1 0.0086 1883 剧场 1 0.0086 1884 俊俏 1 0.0086 1885 可怜 1 0.0086 1886 可疑 1 0.0086 1887 可以 1 0.0086 1888 课 1 0.0086 1889 课程 1 0.0086 1890 恳求 1 0.0086 1891 空姐 1 0.0086 1892 控制 1 0.0086 1893 裤裆 1 0.0086 1894 酷刑 1 0.0086 1895 胯下 1 0.0086 1896 快活 1 0.0086 1897 快乐 1 0.0086 1898 狂奔 1 0.0086 1899 窥 1 0.0086 1900 困难 1 0.0086 1901 拉起 1 0.0086 1902 来电 1 0.0086 1903 来自 1 0.0086 1904 老板 1 0.0086 1905 老二 1 0.0086 1906 离 1 0.0086 1907 李智贤 1 0.0086 1908 理 1 0.0086 1909 力度 1 0.0086 1910 丽 1 0.0086 1911 利 1 0.0086 1912 连 1 0.0086 1913 连锁 1 0.0086 1914 恋爱 1 0.0086 1915 梁朝伟 1 0.0086 1916 俩 1 0.0086 1917 亮丽 1 0.0086 1918 撩 1 0.0086 1919 猎人 1 0.0086 1920 邻 1 0.0086 1921 邻居 1 0.0086 1922 灵 1 0.0086 1923 靈 1 0.0086 1924 刘花大 1 0.0086 1925 流氓 1 0.0086 1926 六 1 0.0086 1927 龙争虎斗 1 0.0086 1928 동거 1 0.0086 1929 錄 1 0.0086 1930 裸 1 0.0086 1931 旅馆 1 0.0086 1932 妈的 1 0.0086 1933 麻 1 0.0086 1934 玛 1 0.0086 1935 满头 1 0.0086 1936 曼 1 0.0086 1937 漫画 1 0.0086 1938 漫画家 1 0.0086 1939 没人 1 0.0086 1940 玫瑰 1 0.0086 1941 楣 1 0.0086 1942 美丽 1 0.0086 1943 美人 1 0.0086 1944 美艳 1 0.0086 1945 門 1 0.0086 1946 萌 1 0.0086 1947 梦 1 0.0086 1948 梦幻 1 0.0086 1949 梦寐以求 1 0.0086 1950 梦想 1 0.0086 1951 咪咪 1 0.0086 1952 迷倒 1 0.0086 1953 迷迷糊糊 1 0.0086 1954 迷墙 1 0.0086 1955 迷人 1 0.0086 1956 秘书 1 0.0086 1957 密 1 0.0086 1958 面孔 1 0.0086 1959 妙龄 1 0.0086 1960 名妓 1 0.0086 1961 冥府 1 0.0086 1962 謬 1 0.0086 1963 模 1 0.0086 1964 模型 1 0.0086 1965 魔鬼 1 0.0086 1966 木耳 1 0.0086 1967 目的 1 0.0086 1968 那 1 0.0086 1969 那个 1 0.0086 1970 那根大 1 0.0086 1971 奶牛 1 0.0086 1972 奈 1 0.0086 1973 囡囡 1 0.0086 1974 男妓 1 0.0086 1975 南山 1 0.0086 1976 难 1 0.0086 1977 难处 1 0.0086 1978 呢 1 0.0086 1979 嫩 1 0.0086 1980 能 1 0.0086 1981 你们 1 0.0086 1982 年糕 1 0.0086 1983 年龄 1 0.0086 1984 捏 1 0.0086 1985 牛仔裤 1 0.0086 1986 纽 1 0.0086 1987 农场 1 0.0086 1988 浓 1 0.0086 1989 虐 1 0.0086 1990 女王 1 0.0086 1991 女真 1 0.0086 1992 偶尔 1 0.0086 1993 拍到 1 0.0086 1994 跑去 1 0.0086 1995 碰见 1 0.0086 1996 匹配 1 0.0086 1997 屁 1 0.0086 1998 篇 1 0.0086 1999 片段 1 0.0086 2000 平时 1 0.0086 2001 瓶 1 0.0086 2002 扑通 1 0.0086 2003 蒲团 1 0.0086 2004 齐开 1 0.0086 2005 其实 1 0.0086 2006 其他 1 0.0086 2007 奇遇 1 0.0086 2008 旗袍 1 0.0086 2009 钱 1 0.0086 2010 遣 1 0.0086 2011 强暴 1 0.0086 2012 强奸 1 0.0086 2013 蔷薇 1 0.0086 2014 俏 1 0.0086 2015 翘 1 0.0086 2016 翘起 1 0.0086 2017 切 1 0.0086 2018 侵 1 0.0086 2019 擒 1 0.0086 2020 轻 1 0.0086 2021 轻松 1 0.0086 2022 清 1 0.0086 2023 情况 1 0.0086 2024 请 1 0.0086 2025 親 1 0.0086 2026 驅 1 0.0086 2027 娶 1 0.0086 2028 去世 1 0.0086 2029 趣事 1 0.0086 2030 全部 1 0.0086 2031 全程 1 0.0086 2032 泉 1 0.0086 2033 群魔 1 0.0086 2034 人们 1 0.0086 2035 柔软 1 0.0086 2036 肉 1 0.0086 2037 肉搏 1 0.0086 2038 肉身 1 0.0086 2039 入社 1 0.0086 2040 撒尿 1 0.0086 2041 塞进 1 0.0086 2042 骚扰 1 0.0086 2043 色狼 1 0.0086 2044 杀 1 0.0086 2045 杀手 1 0.0086 2046 沙 1 0.0086 2047 沙滩 1 0.0086 2048 莎 1 0.0086 2049 善良 1 0.0086 2050 伤心 1 0.0086 2051 商 1 0.0086 2052 商业 1 0.0086 2053 上面 1 0.0086 2054 上阵 1 0.0086 2055 射入 1 0.0086 2056 伸向 1 0.0086 2057 深爱 1 0.0086 2058 神秘 1 0.0086 2059 神州 1 0.0086 2060 升值 1 0.0086 2061 声 1 0.0086 2062 绳子 1 0.0086 2063 縄 1 0.0086 2064 盛 1 0.0086 2065 湿 1 0.0086 2066 十二 1 0.0086 2067 十足 1 0.0086 2068 时间 1 0.0086 2069 实录 1 0.0086 2070 實 1 0.0086 2071 室 1 0.0086 2072 嗜好 1 0.0086 2073 飾 1 0.0086 2074 手 1 0.0086 2075 兽性 1 0.0086 2076 瘦小 1 0.0086 2077 舒舒服服 1 0.0086 2078 暑假 1 0.0086 2079 术 1 0.0086 2080 束 1 0.0086 2081 摔跤 1 0.0086 2082 帅哥 1 0.0086 2083 双洞 1 0.0086 2084 谁知 1 0.0086 2085 水兵 1 0.0086 2086 思 1 0.0086 2087 飼 1 0.0086 2088 松 1 0.0086 2089 送 1 0.0086 2090 搜查 1 0.0086 2091 苏小小 1 0.0086 2092 素 1 0.0086 2093 速 1 0.0086 2094 速递 1 0.0086 2095 粟 1 0.0086 2096 他妈的 1 0.0086 2097 摊主 1 0.0086 2098 瘫 1 0.0086 2099 汤 1 0.0086 2100 逃亡 1 0.0086 2101 桃源 1 0.0086 2102 特区 1 0.0086 2103 疼 1 0.0086 2104 提供 1 0.0086 2105 缇 1 0.0086 2106 天诛地灭 1 0.0086 2107 甜 1 0.0086 2108 条件 1 0.0086 2109 跳舞 1 0.0086 2110 贴身 1 0.0086 2111 通奸 1 0.0086 2112 同时 1 0.0086 2113 偷偷摸摸 1 0.0086 2114 投胎 1 0.0086 2115 秃顶 1 0.0086 2116 土豪 1 0.0086 2117 團 1 0.0086 2118 推 1 0.0086 2119 推倒 1 0.0086 2120 吞吐 1 0.0086 2121 脫 1 0.0086 2122 娃 1 0.0086 2123 外面 1 0.0086 2124 外人 1 0.0086 2125 外泄 1 0.0086 2126 完美 1 0.0086 2127 玩到 1 0.0086 2128 万圣 1 0.0086 2129 萬 1 0.0086 2130 网友 1 0.0086 2131 危情 1 0.0086 2132 危险 1 0.0086 2133 委员会 1 0.0086 2134 未了 1 0.0086 2135 喂养 1 0.0086 2136 文件夹 1 0.0086 2137 纹身 1 0.0086 2138 吻 1 0.0086 2139 无悔 1 0.0086 2140 无聊 1 0.0086 2141 无眠 1 0.0086 2142 无人 1 0.0086 2143 无声 1 0.0086 2144 无数 1 0.0086 2145 無 1 0.0086 2146 午睡 1 0.0086 2147 妩媚 1 0.0086 2148 武松 1 0.0086 2149 侮辱 1 0.0086 2150 舞 1 0.0086 2151 洗完 1 0.0086 2152 喜剧 1 0.0086 2153 下海 1 0.0086 2154 鲜肉 1 0.0086 2155 闲着 1 0.0086 2156 显灵 1 0.0086 2157 險 1 0.0086 2158 顯 1 0.0086 2159 现场 1 0.0086 2160 線 1 0.0086 2161 想尽 1 0.0086 2162 想像 1 0.0086 2163 箫 1 0.0086 2164 小白菜 1 0.0086 2165 小保姆 1 0.0086 2166 小丑 1 0.0086 2167 小姑子 1 0.0086 2168 小妹 1 0.0086 2169 校友 1 0.0086 2170 校友会 1 0.0086 2171 校园 1 0.0086 2172 邪 1 0.0086 2173 写真 1 0.0086 2174 泄 1 0.0086 2175 泄露 1 0.0086 2176 心情 1 0.0086 2177 幸福 1 0.0086 2178 性功能 1 0.0086 2179 兄 1 0.0086 2180 宿 1 0.0086 2181 选择 1 0.0086 2182 選 1 0.0086 2183 学 1 0.0086 2184 学堂 1 0.0086 2185 學 1 0.0086 2186 學堂 1 0.0086 2187 亚 1 0.0086 2188 眼睛 1 0.0086 2189 眼里 1 0.0086 2190 眼神 1 0.0086 2191 演出 1 0.0086 2192 演绎 1 0.0086 2193 艳星 1 0.0086 2194 艷 1 0.0086 2195 痒 1 0.0086 2196 痒痒 1 0.0086 2197 药店 1 0.0086 2198 野史 1 0.0086 2199 嘢 1 0.0086 2200 夜生活 1 0.0086 2201 一定 1 0.0086 2202 一动 1 0.0086 2203 一番 1 0.0086 2204 一关 1 0.0086 2205 一家 1 0.0086 2206 一切 1 0.0086 2207 一条 1 0.0086 2208 一下 1 0.0086 2209 一阵 1 0.0086 2210 医生 1 0.0086 2211 医院 1 0.0086 2212 壹 1 0.0086 2213 姨夫 1 0.0086 2214 疑惑 1 0.0086 2215 已婚 1 0.0086 2216 义母 1 0.0086 2217 义子 1 0.0086 2218 艺术 1 0.0086 2219 溢 1 0.0086 2220 阴 1 0.0086 2221 银发 1 0.0086 2222 印度 1 0.0086 2223 鹦鹉 1 0.0086 2224 罌 1 0.0086 2225 影片 1 0.0086 2226 尤物 1 0.0086 2227 有点 1 0.0086 2228 有外遇 1 0.0086 2229 有些 1 0.0086 2230 右 1 0.0086 2231 瑜伽 1 0.0086 2232 愚蠢 1 0.0086 2233 宇 1 0.0086 2234 育 1 0.0086 2235 浴 1 0.0086 2236 遇上 1 0.0086 2237 鸳鸯 1 0.0086 2238 员工 1 0.0086 2239 原 1 0.0086 2240 月宫 1 0.0086 2241 岳母 1 0.0086 2242 再也 1 0.0086 2243 赞助 1 0.0086 2244 澡 1 0.0086 2245 灶 1 0.0086 2246 擇 1 0.0086 2247 炸 1 0.0086 2248 章花 1 0.0086 2249 障碍 1 0.0086 2250 照顾 1 0.0086 2251 这么 1 0.0086 2252 针孔 1 0.0086 2253 珍藏 1 0.0086 2254 真是 1 0.0086 2255 争相 1 0.0086 2256 证据 1 0.0086 2257 知道 1 0.0086 2258 知己 1 0.0086 2259 知名 1 0.0086 2260 直播 1 0.0086 2261 职场 1 0.0086 2262 职业 1 0.0086 2263 职员 1 0.0086 2264 指 1 0.0086 2265 治 1 0.0086 2266 治疗 1 0.0086 2267 终极 1 0.0086 2268 終 1 0.0086 2269 众 1 0.0086 2270 重案 1 0.0086 2271 珠 1 0.0086 2272 竹 1 0.0086 2273 主播 1 0.0086 2274 主演 1 0.0086 2275 住校 1 0.0086 2276 专 1 0.0086 2277 妆 1 0.0086 2278 撞击 1 0.0086 2279 自从 1 0.0086 2280 自慰 1 0.0086 2281 自已 1 0.0086 2282 自有 1 0.0086 2283 自愿 1 0.0086 2284 自制 1 0.0086 2285 总是 1 0.0086 2286 纵 1 0.0086 2287 族 1 0.0086 2288 罪犯 1 0.0086 2289 醉酒 1 0.0086 2290 做出 1 0.0086